6.077229976654052734e-02 1.358126290142536163e-02
5.210371971130371094e+00 2.890229225158691406e-01
-1.099824905395507812e-02 -3.662845119833946228e-03
6.767956733703613281e+00 -6.666794419288635254e-01
5.622267723083496094e-02 -7.675932720303535461e-03
7.391296386718750000e+00 -6.845157146453857422e-01
3.838613629341125488e-02 -6.040834635496139526e-02
5.033774375915527344e+00 1.453407764434814453e+00
1.112133264541625977e-02 -8.276393637061119080e-03
5.374741554260253906e+00 -1.905454695224761963e-01
6.023764610290527344e-02 2.145629376173019409e-02
7.048965454101562500e+00 5.972736477851867676e-01
-2.717152237892150879e-02 -4.295995458960533142e-03
4.935397624969482422e+00 1.523222178220748901e-01
-5.685657262802124023e-02 -8.878139778971672058e-03
6.582302093505859375e+00 -1.107596397399902344e+00
-1.111268997192382812e-02 -7.954565808176994324e-03
4.391386032104492188e+00 -5.437144041061401367e-01
-3.743976354598999023e-02 -1.517188735306262970e-02
5.165120124816894531e+00 1.780246734619140625e+00
1.288294792175292969e-02 9.529320523142814636e-03
6.445051193237304688e+00 -8.342306315898895264e-02
-7.739305496215820312e-02 -1.609125174582004547e-02
6.189170837402343750e+00 1.071204066276550293e+00
3.712743520736694336e-02 -2.459390088915824890e-03
4.975243091583251953e+00 -4.363685101270675659e-02
-8.536130189895629883e-03 -8.296116441488265991e-02
5.972699165344238281e+00 -1.679417371749877930e+00
-4.243388772010803223e-02 -6.759548559784889221e-03
6.457566261291503906e+00 -2.440655231475830078e-01
-8.864626288414001465e-02 -6.362237036228179932e-03
6.059568405151367188e+00 -6.283195018768310547e-01
5.202293395996093750e-02 1.734178513288497925e-03
5.492990493774414062e+00 4.354075789451599121e-01
6.471201777458190918e-02 -1.666415482759475708e-02
3.560544490814208984e+00 -2.022563666105270386e-01
4.501819610595703125e-02 -6.519434973597526550e-03
4.906757354736328125e+00 -6.707419157028198242e-01
-1.123891770839691162e-01 -5.241870135068893433e-02
5.333104610443115234e+00 2.817587614059448242e+00
2.757549285888671875e-02 4.417030140757560730e-03
5.747567176818847656e+00 -3.923837840557098389e-01
-7.767379283905029297e-03 -2.015098929405212402e-02
6.311752796173095703e+00 -1.120639920234680176e+00
1.464456319808959961e-02 -1.855345442891120911e-02
3.352426290512084961e+00 -5.332399606704711914e-01
1.420810818672180176e-02 -6.716381758451461792e-03
7.058961868286132812e+00 2.521185576915740967e-01
7.821768522262573242e-03 2.700788900256156921e-03
5.492066383361816406e+00 1.981489360332489014e-02
2.509325742721557617e-02 -1.078357920050621033e-02
4.863960266113281250e+00 -2.751949131488800049e-01
-3.005802631378173828e-02 6.609068810939788818e-02
6.640137672424316406e+00 1.171933531761169434e+00
2.050057053565979004e-02 9.133592247962951660e-02
5.661987304687500000e+00 -1.967892050743103027e+00
-3.311365842819213867e-02 1.588049344718456268e-02
4.413799762725830078e+00 7.115557193756103516e-01
4.445672035217285156e-02 -1.461151987314224243e-04
4.546900749206542969e+00 -1.034522727131843567e-01
1.401185989379882812e-02 -1.912844367325305939e-02
5.370220661163330078e+00 -1.330868482589721680e+00
-3.454431891441345215e-02 -3.878371790051460266e-03
5.635279655456542969e+00 -2.555296123027801514e-01
-4.405334591865539551e-02 -3.308048471808433533e-03
4.818909645080566406e+00 3.344009518623352051e-01
7.545351982116699219e-03 -1.145418733358383179e-02
3.950767278671264648e+00 -1.235185638070106506e-01
1.201033592224121094e-02 -6.112102419137954712e-03
4.033463478088378906e+00 -1.005928039550781250e+00
3.644824028015136719e-04 -2.007477916777133942e-02
6.451231002807617188e+00 2.902907431125640869e-01
1.684099435806274414e-02 9.984429925680160522e-04
6.234786510467529297e+00 8.555991053581237793e-01
8.202433586120605469e-02 -2.571105025708675385e-02
5.605473518371582031e+00 -1.486960530281066895e+00
5.924299359321594238e-02 2.221139147877693176e-03
5.310645103454589844e+00 4.921137094497680664e-01
5.827099084854125977e-02 1.224717125296592712e-03
6.899814605712890625e+00 4.318156093358993530e-02
-5.016252398490905762e-02 -1.143357716500759125e-02
5.692768573760986328e+00 -1.028454303741455078e+00
8.681088685989379883e-02 -1.211692579090595245e-02
6.091296672821044922e+00 -1.155122756958007812e+00
1.401245594024658203e-02 -8.566956967115402222e-04
5.953612804412841797e+00 -3.969788849353790283e-01
1.082688570022583008e-02 8.464800193905830383e-03
6.707007884979248047e+00 1.010109901428222656e+00
-7.046937942504882812e-02 -7.486969977617263794e-02
4.087687492370605469e+00 1.632689476013183594e+00
9.205356240272521973e-02 -1.116042025387287140e-02
3.946702241897583008e+00 -3.643872141838073730e-01
-1.427531242370605469e-04 -7.783742621541023254e-03
7.612496376037597656e+00 -3.476900458335876465e-01
9.819716215133666992e-03 -2.877858467400074005e-02
5.349898338317871094e+00 8.577242493629455566e-01
-4.194259643554687500e-02 -7.028010487556457520e-02
5.262954235076904297e+00 -1.752394318580627441e+00
1.744717359542846680e-02 -2.146614715456962585e-03
4.418993949890136719e+00 6.159948110580444336e-01
-2.533063292503356934e-02 -5.017621442675590515e-03
6.098353862762451172e+00 -4.236500263214111328e-01
5.380243062973022461e-02 6.352793425321578979e-03
6.995566368103027344e+00 1.066406145691871643e-01
2.473905682563781738e-02 1.057854853570461273e-02
5.940037250518798828e+00 8.373254537582397461e-01
-2.772256731986999512e-02 1.414186060428619385e-01
5.416000366210937500e+00 -2.106765270233154297e+00
2.942696213722229004e-02 1.978185027837753296e-03
5.085007667541503906e+00 1.965577155351638794e-01
2.362698316574096680e-02 -1.055899076163768768e-02
5.479011058807373047e+00 1.257683783769607544e-01
3.818482160568237305e-02 -2.051098272204399109e-03
6.508784770965576172e+00 -1.854201406240463257e-01
5.918458104133605957e-02 -8.629793301224708557e-03
7.217053413391113281e+00 -6.568089127540588379e-01
3.882944583892822266e-02 1.237043179571628571e-02
6.046410560607910156e+00 6.036207079887390137e-01
3.596484661102294922e-02 1.375242136418819427e-02
5.401458740234375000e+00 1.591019153594970703e+00
2.847030758857727051e-02 -1.948862336575984955e-02
7.685164451599121094e+00 -8.231921195983886719e-01
6.386592984199523926e-02 -8.131926879286766052e-03
4.248746871948242188e+00 6.725988537073135376e-02
1.067772507667541504e-02 1.038770191371440887e-02
6.727807044982910156e+00 3.790295720100402832e-01
1.290738582611083984e-03 2.210820093750953674e-03
6.118616580963134766e+00 4.916814565658569336e-01
-2.614170312881469727e-02 -1.014211215078830719e-02
4.534517765045166016e+00 1.569811105728149414e+00
-4.025995731353759766e-03 -4.194527864456176758e-03
5.693161487579345703e+00 4.488113224506378174e-01
9.344518184661865234e-04 -5.898298695683479309e-03
6.118988990783691406e+00 1.141218543052673340e+00
-1.549512147903442383e-02 -1.483439467847347260e-02
6.001897811889648438e+00 9.843310713768005371e-02
1.261949539184570312e-02 3.345384448766708374e-02
4.190658569335937500e+00 -1.897655010223388672e+00
5.988270044326782227e-02 -4.182447493076324463e-02
6.580670356750488281e+00 -1.535425662994384766e+00
8.635506033897399902e-02 4.224125295877456665e-03
6.209658622741699219e+00 4.601545929908752441e-01
6.567686796188354492e-03 -1.981108449399471283e-02
5.832380294799804688e+00 -1.147208809852600098e+00
1.977115869522094727e-02 -5.210200324654579163e-03
4.989829540252685547e+00 5.875073075294494629e-01
6.178200244903564453e-02 5.573583766818046570e-03
6.565377235412597656e+00 -1.820111572742462158e-01
-3.907248377799987793e-02 -3.209160640835762024e-03
4.764511585235595703e+00 1.590997099876403809e+00
5.201756954193115234e-02 -1.164768822491168976e-02
6.594020843505859375e+00 4.581635892391204834e-01
-3.515541553497314453e-02 -5.831075832247734070e-03
4.664265632629394531e+00 2.096755057573318481e-01
9.574666619300842285e-02 -1.824992708861827850e-02
5.687971115112304688e+00 -1.227011561393737793e+00
3.943651914596557617e-02 3.938283771276473999e-03
5.835067749023437500e+00 2.744769454002380371e-01
2.428144216537475586e-02 1.213476061820983887e-03
6.353199005126953125e+00 2.752056419849395752e-01
-1.371905207633972168e-02 1.431103795766830444e-02
6.776639938354492188e+00 7.016887664794921875e-01
4.875928163528442383e-02 -7.310388609766960144e-03
5.069442749023437500e+00 -8.490003347396850586e-01
5.216151475906372070e-02 -6.459569558501243591e-03
6.020068645477294922e+00 -1.485602617263793945e+00
5.447328090667724609e-02 5.195634439587593079e-03
5.542629241943359375e+00 4.818125367164611816e-01
-2.812147140502929688e-03 -1.052531413733959198e-02
6.962743759155273438e+00 -6.368459463119506836e-01
3.626793622970581055e-02 -8.939346298575401306e-03
4.884212493896484375e+00 -1.032175421714782715e+00
6.137967109680175781e-02 -3.588972613215446472e-03
6.020265579223632812e+00 -1.233316540718078613e+00
-2.859950065612792969e-02 -2.246508374810218811e-03
6.982078552246093750e+00 -7.800285816192626953e-01
6.107464432716369629e-02 7.205950096249580383e-03
5.458934307098388672e+00 -7.976520061492919922e-01
4.769563674926757812e-02 -1.666030846536159515e-02
6.100676059722900391e+00 -8.885977268218994141e-01
-5.026459693908691406e-03 1.109996810555458069e-03
6.358445167541503906e+00 -3.669067919254302979e-01
3.059744834899902344e-02 5.919914692640304565e-03
6.686922073364257812e+00 -4.789979457855224609e-01
2.123162150382995605e-02 -3.153589367866516113e-02
6.559704780578613281e+00 -1.818084001541137695e+00
2.479150891304016113e-02 2.495609223842620850e-03
5.251958370208740234e+00 1.034239768981933594e+00
-1.701101660728454590e-02 -2.881409600377082825e-03
6.022684574127197266e+00 -8.390395641326904297e-01
6.074234843254089355e-02 5.255788564682006836e-03
4.730314731597900391e+00 8.725852370262145996e-01
-3.076642751693725586e-02 -4.061960428953170776e-02
6.428756237030029297e+00 1.930178523063659668e+00
6.333306431770324707e-02 3.351988270878791809e-03
6.641640663146972656e+00 -6.539131402969360352e-01
2.564996480941772461e-02 5.346797406673431396e-03
6.236926078796386719e+00 -6.081511080265045166e-02
-1.386523246765136719e-02 -9.847925975918769836e-03
6.906844139099121094e+00 -8.055230975151062012e-01
5.466908216476440430e-02 -3.425804898142814636e-03
6.503702163696289062e+00 3.882855474948883057e-01
2.623617649078369141e-02 -5.479323863983154297e-02
6.024784088134765625e+00 1.303524851799011230e+00
5.241990089416503906e-02 1.652343198657035828e-03
5.404792785644531250e+00 -5.860787630081176758e-02
9.669512510299682617e-03 -3.915382549166679382e-03
4.782044410705566406e+00 -4.518045186996459961e-01
9.803175926208496094e-03 -1.474219374358654022e-02
4.263490676879882812e+00 -9.914171695709228516e-02
-1.129388809204101562e-02 -1.006479375064373016e-02
6.391415119171142578e+00 -9.009016752243041992e-01
2.897009253501892090e-02 8.037993684411048889e-03
5.552428245544433594e+00 -5.152399539947509766e-01
3.323137760162353516e-02 -2.217125147581100464e-03
5.343015193939208984e+00 1.996389031410217285e-01
4.712522029876708984e-02 -1.711314544081687927e-02
4.432816505432128906e+00 -4.710092842578887939e-01
5.168318748474121094e-02 1.248074695467948914e-03
5.584712982177734375e+00 9.264984726905822754e-01
5.302578210830688477e-02 -6.794639676809310913e-02
5.623909950256347656e+00 1.524591326713562012e+00
6.872162222862243652e-02 -7.241964340209960938e-05
6.093843460083007812e+00 2.600389420986175537e-01
9.072124958038330078e-03 -4.232367500662803650e-03
6.935031890869140625e+00 -4.258641302585601807e-01
1.628383994102478027e-02 -1.225956715643405914e-02
5.786654472351074219e+00 -1.100080251693725586e+00
2.343714237213134766e-02 -3.375066444277763367e-03
6.715155601501464844e+00 -2.232295274734497070e-01
-4.427820444107055664e-02 -4.173672944307327271e-02
5.842662811279296875e+00 1.683712482452392578e+00
6.691515445709228516e-03 -2.821432426571846008e-03
4.754201889038085938e+00 7.184018194675445557e-02
9.792298078536987305e-03 5.126344040036201477e-03
4.914897441864013672e+00 1.233022511005401611e-01
2.156287431716918945e-02 4.015211015939712524e-04
4.210627079010009766e+00 1.336893998086452484e-02
-1.861840486526489258e-02 -4.032421857118606567e-03
5.545713424682617188e+00 6.969327926635742188e-01
-1.197755336761474609e-03 8.667539805173873901e-04
6.615513801574707031e+00 3.897508382797241211e-01
7.087022066116333008e-02 9.638313204050064087e-03
5.965818881988525391e+00 7.227920293807983398e-01
5.012750625610351562e-03 9.268010035157203674e-03
6.860597610473632812e+00 5.063015222549438477e-01
-5.686134099960327148e-02 -1.139114610850811005e-02
6.431855201721191406e+00 -3.392170369625091553e-01
-3.517657518386840820e-02 2.869702875614166260e-03
4.043143272399902344e+00 6.969201564788818359e-01
9.360015392303466797e-03 -9.384471923112869263e-03
5.647076606750488281e+00 -8.686139583587646484e-01
-1.748889684677124023e-02 -1.149917952716350555e-02
6.387805938720703125e+00 -1.706536412239074707e-01
4.145294427871704102e-02 -1.273078843951225281e-02
5.389986038208007812e+00 -1.980091929435729980e-01
4.626363515853881836e-02 -1.543446443974971771e-02
5.481014728546142578e+00 -9.310252666473388672e-01
-2.873867750167846680e-02 -7.055299356579780579e-03
5.265470504760742188e+00 -2.472402453422546387e-01
-2.267777919769287109e-02 7.009441033005714417e-03
6.975178718566894531e+00 2.126408815383911133e-01
-1.465380191802978516e-02 -1.253153197467327118e-02
6.277487754821777344e+00 -3.720096051692962646e-01
1.174449920654296875e-02 -8.664401248097419739e-03
6.799756050109863281e+00 4.619688391685485840e-01
4.345774650573730469e-03 -6.934385746717453003e-03
6.807013034820556641e+00 -3.619636297225952148e-01
3.618180751800537109e-02 -7.519340142607688904e-03
5.728707313537597656e+00 -1.035390019416809082e+00
4.560455679893493652e-02 -9.452160447835922241e-03
4.836757183074951172e+00 -1.606398224830627441e+00
4.275009036064147949e-02 -7.610945031046867371e-03
5.826364040374755859e+00 6.553630828857421875e-01
1.113244891166687012e-01 -4.698103293776512146e-03
5.991920471191406250e+00 -1.505129486322402954e-01
7.767677307128906250e-03 5.652504041790962219e-03
4.627297401428222656e+00 8.914978504180908203e-01
1.427859067916870117e-02 1.517708413302898407e-02
6.780782699584960938e+00 3.378628194332122803e-01
-1.644104719161987305e-02 -9.343037381768226624e-03
4.668525695800781250e+00 -1.580677509307861328e+00
2.291768789291381836e-02 -9.441738948225975037e-03
5.352095603942871094e+00 -1.874822676181793213e-01
5.755156278610229492e-02 -5.977461114525794983e-03
5.859132289886474609e+00 -1.219405531883239746e-01
2.102717757225036621e-02 -1.540351659059524536e-03
6.308161735534667969e+00 -1.511969685554504395e+00
7.553547620773315430e-03 5.184607580304145813e-03
6.641315460205078125e+00 -1.729675568640232086e-02
1.795023679733276367e-02 -1.122123561799526215e-02
3.558270931243896484e+00 -2.098806500434875488e-01
-4.820406436920166016e-02 5.213636904954910278e-03
7.467770576477050781e+00 1.887565553188323975e-01
5.691707134246826172e-02 -2.005815505981445312e-02
7.198644638061523438e+00 -4.002863764762878418e-01
3.607571125030517578e-03 3.785351291298866272e-03
4.484395980834960938e+00 -1.518290042877197266e-01
1.444891095161437988e-02 3.362642601132392883e-03
6.878813743591308594e+00 -1.836505234241485596e-01
-3.786057233810424805e-02 -4.667947068810462952e-03
5.852827072143554688e+00 1.787135601043701172e-01
-1.040399074554443359e-03 -2.366677857935428619e-02
6.735979080200195312e+00 -1.210098743438720703e+00
-1.571774482727050781e-02 -9.304797276854515076e-03
6.813819885253906250e+00 -7.415437102317810059e-01
-1.874864101409912109e-02 7.968077063560485840e-02
4.231252193450927734e+00 1.228709936141967773e+00
-2.140402793884277344e-03 1.205339096486568451e-02
6.992927551269531250e+00 7.434053421020507812e-01
4.246115684509277344e-02 -3.801016137003898621e-03
3.948159694671630859e+00 2.824630737304687500e-01
7.905364036560058594e-03 -2.513779327273368835e-03
5.936917304992675781e+00 -2.575792074203491211e-01
2.228647470474243164e-02 -8.442490547895431519e-02
6.304459095001220703e+00 1.457249402999877930e+00
1.731842756271362305e-02 6.114440038800239563e-03
6.773906707763671875e+00 1.146996617317199707e-01
5.721747875213623047e-02 -1.428881660103797913e-03
4.645157337188720703e+00 4.187782406806945801e-01
-6.960034370422363281e-03 -1.486398279666900635e-02
6.172193527221679688e+00 -8.555824160575866699e-01
1.294791698455810547e-02 8.795317262411117554e-03
5.143261909484863281e+00 -3.772772550582885742e-01
7.055073976516723633e-02 -4.675416275858879089e-03
6.162032127380371094e+00 -8.845419883728027344e-01
-6.854504346847534180e-02 -6.909212097525596619e-03
6.177246570587158203e+00 -3.358695507049560547e-01
-1.936823129653930664e-02 -1.827404834330081940e-02
4.202960014343261719e+00 -3.202817440032958984e-01
3.458976745605468750e-02 1.192810013890266418e-03
7.001588344573974609e+00 6.868637800216674805e-01
1.605331897735595703e-02 -1.264578662812709808e-02
6.301289558410644531e+00 -5.431293249130249023e-01
5.788356065750122070e-02 -1.027463935315608978e-02
5.956598281860351562e+00 -1.255856871604919434e+00
-1.055210828781127930e-02 -6.016781553626060486e-03
6.862138748168945312e+00 2.119929343461990356e-01
5.502030253410339355e-02 4.294039681553840637e-03
5.918680191040039062e+00 3.953481316566467285e-01
-6.830692291259765625e-03 -2.470267936587333679e-03
6.808071136474609375e+00 -1.599881798028945923e-01
-9.269863367080688477e-03 -1.215399242937564850e-02
5.880628585815429688e+00 -8.336437344551086426e-01
3.569036722183227539e-02 2.191746607422828674e-03
5.983633518218994141e+00 1.515301018953323364e-01
-5.044311285018920898e-02 1.246360130608081818e-02
6.312541484832763672e+00 1.394409418106079102e+00
6.267219781875610352e-02 -1.767622306942939758e-03
4.171178340911865234e+00 -4.622365534305572510e-02
-2.120658755302429199e-02 -5.716383457183837891e-03
3.960648059844970703e+00 6.071611642837524414e-01
-2.088814973831176758e-02 6.812075152993202209e-03
6.206287384033203125e+00 3.087605237960815430e-01
2.534687519073486328e-02 -1.033260487020015717e-02
5.191357135772705078e+00 -2.201391458511352539e-01
4.145979881286621094e-02 -1.060309819877147675e-02
5.252004623413085938e+00 -2.704845368862152100e-01
7.114887237548828125e-02 5.762437358498573303e-03
5.152873992919921875e+00 -1.431374400854110718e-01
2.279967069625854492e-02 -2.570571377873420715e-03
5.190900802612304688e+00 -6.854336261749267578e-01
6.098598241806030273e-02 9.193550795316696167e-04
5.429580211639404297e+00 -5.411175489425659180e-01
1.713365316390991211e-02 2.322373911738395691e-03
5.816751480102539062e+00 2.973758578300476074e-01
7.932752370834350586e-02 6.466619670391082764e-03
5.627879142761230469e+00 -1.108452975749969482e-01
-1.157492399215698242e-02 1.484947279095649719e-03
7.423977851867675781e+00 3.643595576286315918e-01
3.342330455780029297e-02 5.869036540389060974e-03
5.183205604553222656e+00 -2.066053152084350586e-01
-3.037095069885253906e-02 -1.591807231307029724e-03
7.230687141418457031e+00 2.741697132587432861e-01
4.814028739929199219e-02 -4.473850131034851074e-03
5.057868003845214844e+00 -4.119590669870376587e-02
-3.009349107742309570e-02 9.928829967975616455e-03
6.484305858612060547e+00 1.285636425018310547e+00
-8.526444435119628906e-03 -1.416095532476902008e-02
6.955751895904541016e+00 -5.443457365036010742e-01
9.442865848541259766e-02 -1.038474030792713165e-02
6.046962738037109375e+00 -9.179926514625549316e-01
-4.756674170494079590e-02 -8.371174335479736328e-03
6.445637226104736328e+00 9.959977269172668457e-01
-5.867034196853637695e-03 2.179785631597042084e-02
5.202950477600097656e+00 2.402153015136718750e+00
6.086677312850952148e-02 -6.215367466211318970e-04
4.942973136901855469e+00 -5.601394176483154297e-02
-1.945450901985168457e-02 -2.588331699371337891e-03
6.421024799346923828e+00 -9.404942393302917480e-01
2.752959728240966797e-02 5.914894863963127136e-03
5.352408885955810547e+00 4.761866033077239990e-01
2.351969480514526367e-02 -3.936821594834327698e-03
5.059678077697753906e+00 1.306749880313873291e-01
6.530344486236572266e-02 5.260007455945014954e-03
5.953700542449951172e+00 -1.527203246951103210e-02
5.371212959289550781e-02 -7.671406492590904236e-03
6.109025478363037109e+00 1.573705792427062988e+00
-2.714514732360839844e-02 -1.909126527607440948e-02
4.919289588928222656e+00 -1.459081888198852539e+00
-4.052132368087768555e-02 5.949195474386215210e-04
7.509986877441406250e+00 -5.997094511985778809e-02
3.571510314941406250e-03 -6.289593875408172607e-03
6.745453834533691406e+00 -5.176215767860412598e-01
-2.529501914978027344e-02 7.584858685731887817e-03
5.408443450927734375e+00 1.332914978265762329e-01
8.293315768241882324e-02 -1.471914350986480713e-02
5.110199928283691406e+00 -1.292902380228042603e-01
7.951632142066955566e-02 -3.444971516728401184e-03
6.171382904052734375e+00 4.551113247871398926e-01
-6.320178508758544922e-03 3.335764631628990173e-03
7.105012893676757812e+00 -3.001672215759754181e-02
-1.264899969100952148e-02 -1.777551136910915375e-02
4.388606071472167969e+00 2.027743756771087646e-01
-4.490226507186889648e-02 1.553390175104141235e-03
6.823562622070312500e+00 -3.275783061981201172e-01
6.614804267883300781e-02 1.904310658574104309e-02
6.327322959899902344e+00 1.341746330261230469e+00
1.909941434860229492e-02 1.623860560357570648e-02
7.681117534637451172e+00 2.466337680816650391e-01
-2.573341131210327148e-02 -6.002653390169143677e-03
5.542993545532226562e+00 9.028744697570800781e-02
8.857324719429016113e-02 -5.082824081182479858e-02
7.108859539031982422e+00 -1.303198456764221191e+00
3.649562597274780273e-02 -1.328220590949058533e-02
4.995209217071533203e+00 -9.431867599487304688e-01
1.407042145729064941e-02 -1.114682294428348541e-02
4.145408153533935547e+00 -4.205027222633361816e-01
-2.745732665061950684e-02 2.030096948146820068e-04
6.170339584350585938e+00 -2.405421733856201172e-01
1.590684056282043457e-02 -8.763726800680160522e-03
4.965747833251953125e+00 -1.018545031547546387e+00
1.434445381164550781e-02 -8.301772177219390869e-03
4.515524864196777344e+00 -1.389423131942749023e+00
-5.044594407081604004e-02 -1.241527497768402100e-02
4.094686031341552734e+00 1.622780680656433105e+00
3.205373883247375488e-02 6.012925878167152405e-03
5.234075546264648438e+00 1.049751162528991699e+00
9.045302867889404297e-03 4.593813791871070862e-03
5.226558685302734375e+00 1.032639443874359131e-01
9.501725435256958008e-03 -1.250619068741798401e-02
5.390811443328857422e+00 -2.258279621601104736e-01
-6.100177764892578125e-02 -4.102597013115882874e-03
4.276175975799560547e+00 -4.468488693237304688e-02
-1.847594976425170898e-02 3.980882465839385986e-03
6.348561286926269531e+00 7.381206378340721130e-03
3.735512495040893555e-02 -7.647752016782760620e-02
5.445585250854492188e+00 1.359904885292053223e+00
2.749383449554443359e-02 2.484032884240150452e-03
6.582850456237792969e+00 2.341494709253311157e-01
-1.147285103797912598e-02 -4.439512267708778381e-03
6.262412071228027344e+00 -4.483050405979156494e-01
6.603866815567016602e-02 5.266545340418815613e-03
6.459594726562500000e+00 -3.181391358375549316e-01
2.474874258041381836e-02 1.414567232131958008e-03
6.309644699096679688e+00 3.975943922996520996e-01
1.519322395324707031e-03 -8.761184290051460266e-03
4.214000701904296875e+00 -5.219858288764953613e-01
-2.411007881164550781e-04 -1.479911617934703827e-02
5.612668514251708984e+00 -1.510425329208374023e+00
2.941444516181945801e-02 -1.482165418565273285e-02
5.566307067871093750e+00 -8.205106258392333984e-01
7.110834121704101562e-02 4.204048961400985718e-02
4.906983375549316406e+00 -2.344428300857543945e+00
7.699131965637207031e-02 -1.848985441029071808e-02
4.980413436889648438e+00 -1.412924647331237793e+00
4.241317510604858398e-03 8.780602365732192993e-04
7.134705066680908203e+00 -1.597207970917224884e-02
7.414579391479492188e-02 2.234810963273048401e-03
5.477783679962158203e+00 1.209688067436218262e+00
2.750188112258911133e-02 -7.737334817647933960e-03
4.636725902557373047e+00 -4.742461740970611572e-01
-1.621276140213012695e-02 -2.052462659776210785e-02
5.465390682220458984e+00 -1.410021781921386719e+00
9.033590555191040039e-02 1.048638485372066498e-02
5.971896171569824219e+00 1.019765064120292664e-01
-3.226101398468017578e-04 -1.064695417881011963e-02
7.043157577514648438e+00 -5.138636827468872070e-01
-6.697624921798706055e-03 2.769197337329387665e-02
5.512238502502441406e+00 1.326622486114501953e+00
-5.271300673484802246e-02 -1.780307851731777191e-02
6.139389991760253906e+00 -1.492159217596054077e-01
2.280801534652709961e-02 3.185933455824851990e-03
5.966675281524658203e+00 -2.983612120151519775e-01
2.845019102096557617e-02 -1.199263148009777069e-02
5.240659236907958984e+00 -7.264416813850402832e-01
1.710653305053710938e-04 1.313248649239540100e-03
6.050510406494140625e+00 8.261122554540634155e-02
2.387255430221557617e-02 4.668021574616432190e-03
6.967597961425781250e+00 1.319710314273834229e-01
1.246288418769836426e-02 -2.178801223635673523e-03
6.526203632354736328e+00 -9.354074001312255859e-01
1.200503110885620117e-01 2.007605507969856262e-03
7.604199409484863281e+00 -8.003985285758972168e-01
9.685263037681579590e-02 -3.826734423637390137e-02
7.214322566986083984e+00 -1.311611652374267578e+00
-1.049831509590148926e-02 -1.941614784300327301e-02
6.148943901062011719e+00 -5.952106714248657227e-01
-5.156993865966796875e-03 5.209155380725860596e-02
3.654358148574829102e+00 1.947684764862060547e+00
-1.681029796600341797e-02 -4.658643156290054321e-03
6.438443660736083984e+00 4.142392426729202271e-03
7.541030645370483398e-02 -9.109918028116226196e-04
5.605778694152832031e+00 5.376102328300476074e-01
3.112077713012695312e-02 -1.550186425447463989e-03
6.262161254882812500e+00 -2.438232600688934326e-01
-8.258223533630371094e-04 -1.410379074513912201e-02
6.131052970886230469e+00 1.217834651470184326e-03
-1.980081200599670410e-02 2.916315570473670959e-03
3.970370292663574219e+00 -1.793747663497924805e+00
2.494394779205322266e-02 7.737763226032257080e-03
6.927361011505126953e+00 -1.233567968010902405e-01
5.228966474533081055e-02 1.270519569516181946e-02
8.120117187500000000e+00 -3.706513643264770508e-01
1.328378915786743164e-02 2.074865624308586121e-03
6.880983829498291016e+00 -3.351443260908126831e-02
-2.571776509284973145e-02 -5.944566801190376282e-03
5.804452896118164062e+00 -3.235479891300201416e-01
3.562867641448974609e-02 9.273057803511619568e-03
4.615012168884277344e+00 4.434702098369598389e-01
1.068979501724243164e-02 1.257695257663726807e-03
6.521091461181640625e+00 1.009029000997543335e-01
2.280682325363159180e-02 1.618924550712108612e-02
6.376076698303222656e+00 1.110075235366821289e+00
2.200573682785034180e-02 -1.926946453750133514e-02
4.440035343170166016e+00 1.783673651516437531e-02
6.569623947143554688e-03 -9.957868605852127075e-03
2.959122419357299805e+00 2.932823896408081055e-01
6.776005029678344727e-02 -8.473871275782585144e-03
7.048105239868164062e+00 -3.540855348110198975e-01
-2.160727977752685547e-02 5.024910718202590942e-02
6.259727478027343750e+00 9.887969493865966797e-01
1.001715660095214844e-02 2.958298660814762115e-02
5.710618495941162109e+00 1.355057358741760254e+00
-5.698963999748229980e-02 -9.044529870152473450e-03
5.632966995239257812e+00 1.830272525548934937e-01
1.666679978370666504e-02 -1.425092108547687531e-02
5.162537574768066406e+00 -1.113094925880432129e+00
4.718884825706481934e-02 2.528820186853408813e-04
5.521578788757324219e+00 3.596489429473876953e-01
4.629969596862792969e-02 1.128355972468852997e-02
6.275225639343261719e+00 8.178147673606872559e-01
-2.624392509460449219e-03 -1.261995173990726471e-02
6.160114288330078125e+00 -3.948231935501098633e-01
-1.485645771026611328e-02 -7.827831432223320007e-03
5.768089294433593750e+00 -1.035948395729064941e+00
-3.767386078834533691e-02 -1.302901655435562134e-03
6.907504081726074219e+00 -3.981980085372924805e-01
9.927451610565185547e-03 -1.930566504597663879e-03
6.406642913818359375e+00 -9.156574308872222900e-02
4.853755235671997070e-03 -2.447068691253662109e-03
5.564348220825195312e+00 -1.458614766597747803e-01
4.997253417968750000e-03 2.081599086523056030e-04
5.009340286254882812e+00 5.229372978210449219e-01
-3.289282321929931641e-03 1.919725909829139709e-03
6.653139114379882812e+00 5.991014093160629272e-02
8.163690567016601562e-02 -6.263144314289093018e-04
5.439408302307128906e+00 8.470822572708129883e-01
1.614317297935485840e-02 -5.921348929405212402e-03
6.006488323211669922e+00 -6.468069553375244141e-01
-3.089055418968200684e-02 -2.044951543211936951e-03
7.377844810485839844e+00 -4.222958683967590332e-01
1.428127288818359375e-03 8.584270253777503967e-03
5.123422622680664062e+00 -2.020276337862014771e-01
-3.965124487876892090e-02 -1.441526859998703003e-01
4.581145763397216797e+00 1.761371850967407227e+00
-1.802995800971984863e-02 -6.577000021934509277e-05
6.394344329833984375e+00 -1.965669095516204834e-01
-1.854941248893737793e-02 -9.506279602646827698e-03
5.688580989837646484e+00 4.684794247150421143e-01
9.202122688293457031e-02 5.091335624456405640e-03
4.575407028198242188e+00 6.652680784463882446e-02
2.808481454849243164e-02 1.274098642170429230e-02
5.338830947875976562e+00 2.107041478157043457e-01
4.467278718948364258e-02 2.168845385313034058e-03
5.830602645874023438e+00 7.167835235595703125e-01
4.948377609252929688e-02 -1.319842413067817688e-03
6.878426074981689453e+00 -3.436894416809082031e-01
-2.926588058471679688e-04 2.367434091866016388e-02
5.822218894958496094e+00 1.286165952682495117e+00
4.244297742843627930e-03 -1.995256170630455017e-03
6.587519645690917969e+00 -6.654070615768432617e-01
3.456979990005493164e-02 -4.521664232015609741e-03
5.643751621246337891e+00 3.535287976264953613e-01
1.056581735610961914e-02 -1.164614222943782806e-02
4.227428436279296875e+00 -1.075836896896362305e+00
3.026127815246582031e-02 6.090281531214714050e-03
5.607198715209960938e+00 -2.707420587539672852e-01
8.241832256317138672e-04 2.564992755651473999e-03
4.207554817199707031e+00 1.145540848374366760e-01
-1.929059624671936035e-02 2.373848110437393188e-04
5.444768905639648438e+00 -3.592869937419891357e-01
6.680309772491455078e-02 8.439840748906135559e-03
6.730794906616210938e+00 5.760384723544120789e-02
3.983587026596069336e-02 -6.091883406043052673e-03
4.807242870330810547e+00 -6.233416795730590820e-01
9.038150310516357422e-03 -1.548315398395061493e-02
3.527737855911254883e+00 -4.770587086677551270e-01
2.320110797882080078e-02 -4.036584869027137756e-03
6.999549865722656250e+00 -1.068120151758193970e-01
4.666477441787719727e-02 4.762513563036918640e-03
6.662946701049804688e+00 -2.408824861049652100e-02
-9.903296828269958496e-02 -9.292037039995193481e-02
4.680752754211425781e+00 2.085670709609985352e+00
2.657771110534667969e-03 -1.024193130433559418e-02
6.379780769348144531e+00 3.572003915905952454e-02
1.179575920104980469e-03 2.270536497235298157e-03
5.925245285034179688e+00 6.373756527900695801e-01
3.535836935043334961e-02 -5.023898556828498840e-03
4.659986019134521484e+00 2.126986160874366760e-02
1.548141241073608398e-02 -5.521215498447418213e-03
4.904694080352783203e+00 -8.725807815790176392e-02
5.460783839225769043e-02 5.585411563515663147e-03
5.489054203033447266e+00 -9.858880937099456787e-02
7.040500640869140625e-03 9.752931073307991028e-03
6.291639328002929688e+00 2.999117374420166016e-01
-2.176970243453979492e-02 -3.031295724213123322e-02
5.873642921447753906e+00 -1.016092300415039062e+00
1.451790332794189453e-02 -4.293229430913925171e-03
5.948300361633300781e+00 -1.531336784362792969e+00
-3.430962562561035156e-02 4.766397178173065186e-03
7.014092445373535156e+00 -2.329847216606140137e-01
-5.568116903305053711e-02 4.619518294930458069e-03
4.970164299011230469e+00 -5.181478261947631836e-01
-2.145051956176757812e-02 -6.991764530539512634e-03
6.927481651306152344e+00 -3.347769677639007568e-01
-3.106892108917236328e-04 3.038604743778705597e-02
4.840787887573242188e+00 1.174006342887878418e+00
2.654805779457092285e-02 1.194389536976814270e-02
5.568899631500244141e+00 9.788365364074707031e-01
-1.905903220176696777e-02 -1.401789486408233643e-02
4.582379341125488281e+00 -5.458184331655502319e-02
9.270906448364257812e-03 -1.017830334603786469e-02
6.244095802307128906e+00 -2.553249597549438477e-01
7.629230618476867676e-02 2.677131444215774536e-02
5.878993034362792969e+00 1.424477100372314453e+00
2.158716320991516113e-02 -3.891379386186599731e-02
6.260812282562255859e+00 -1.817277073860168457e+00
2.460151910781860352e-02 -3.708787262439727783e-03
6.718075275421142578e+00 -8.728443384170532227e-01
-6.600320339202880859e-03 1.342802308499813080e-02
5.659502983093261719e+00 4.113625288009643555e-01
1.224279403686523438e-02 -9.949635714292526245e-03
6.868926048278808594e+00 2.212115377187728882e-01
-4.341587424278259277e-02 -1.401291228830814362e-02
6.023465156555175781e+00 -3.960995674133300781e-01
7.496267557144165039e-02 1.108041033148765564e-03
5.196041584014892578e+00 6.196562647819519043e-01
4.123449325561523438e-03 2.045198343694210052e-02
4.748113155364990234e+00 -1.630422353744506836e+00
7.898092269897460938e-02 -1.725596375763416290e-02
3.458899497985839844e+00 -3.445588052272796631e-01
5.221202969551086426e-02 -6.540203467011451721e-03
4.873859405517578125e+00 -6.533685922622680664e-01
-3.576248884201049805e-02 5.547497421503067017e-03
6.781033992767333984e+00 6.001628637313842773e-01
-3.776952624320983887e-02 4.381965845823287964e-04
7.392068386077880859e+00 3.344143033027648926e-01
-7.110700011253356934e-02 -1.146933995187282562e-02
6.344309806823730469e+00 -1.412773847579956055e+00
8.700549602508544922e-02 -1.905672252178192139e-02
5.447399616241455078e+00 -2.053372621536254883e+00
9.168088436126708984e-03 2.211137674748897552e-02
6.490049362182617188e+00 1.164881229400634766e+00
1.312509179115295410e-01 -4.831198602914810181e-03
5.921767234802246094e+00 8.080652356147766113e-02
6.646722555160522461e-02 1.039692200720310211e-02
5.560235977172851562e+00 1.048019528388977051e+00
2.514094114303588867e-02 -2.069254405796527863e-02
3.716117143630981445e+00 -1.572639465332031250e+00
-4.781335592269897461e-02 9.393012151122093201e-03
7.712178707122802734e+00 2.328508347272872925e-01
8.855283260345458984e-02 -2.065114676952362061e-04
6.354876518249511719e+00 7.861353158950805664e-01
3.482311964035034180e-02 6.659375503659248352e-03
5.718753337860107422e+00 2.383576631546020508e-01
-9.673833847045898438e-04 -5.155000835657119751e-03
7.132063865661621094e+00 -9.690510034561157227e-01
5.401164293289184570e-02 -2.393824979662895203e-03
5.670837402343750000e+00 4.970804154872894287e-01
-1.322507858276367188e-02 8.794143795967102051e-03
7.347769260406494141e+00 -6.285543441772460938e-01
7.912695407867431641e-02 -2.181921154260635376e-03
6.084744930267333984e+00 -1.630058884620666504e-01
-2.445131540298461914e-03 -8.961157873272895813e-03
5.516184806823730469e+00 -5.992134809494018555e-01
3.969550132751464844e-02 9.834673255681991577e-04
6.312290191650390625e+00 1.019526720046997070e+00
-2.436146140098571777e-02 5.874354764819145203e-02
3.881483554840087891e+00 1.953133583068847656e+00
-1.782089471817016602e-02 -8.886149153113365173e-03
6.012938022613525391e+00 -1.503459811210632324e-01
8.366584777832031250e-02 -7.205065339803695679e-03
5.988623619079589844e+00 -8.593426942825317383e-01
5.229860544204711914e-03 -1.363437622785568237e-02
3.952804565429687500e+00 3.240295946598052979e-01
-3.223046660423278809e-02 -7.627252489328384399e-03
5.188364028930664062e+00 1.644801974296569824e+00
1.312658190727233887e-02 -1.019691601395606995e-01
6.014364242553710938e+00 -1.712326884269714355e+00
8.917331695556640625e-02 1.873206347227096558e-03
6.121723651885986328e+00 2.641504704952239990e-01
6.288051605224609375e-02 -1.195702701807022095e-02
4.965320110321044922e+00 -1.835981756448745728e-01
3.758922219276428223e-02 3.640437498688697815e-03
5.876222610473632812e+00 5.826092362403869629e-01
-1.160711050033569336e-02 4.967115819454193115e-04
5.753343105316162109e+00 -1.118793413043022156e-01
3.934904932975769043e-02 7.388498634099960327e-03
6.302223205566406250e+00 1.616005897521972656e-01
2.742096781730651855e-02 -1.125663518905639648e-02
5.340114593505859375e+00 -1.212509989738464355e+00
1.128095388412475586e-01 -1.692014746367931366e-02
5.395035743713378906e+00 -1.252132773399353027e+00
4.349946975708007812e-02 8.487077429890632629e-03
6.403370380401611328e+00 3.796321749687194824e-01
2.098232507705688477e-03 -2.521984279155731201e-03
6.638559341430664062e+00 -5.722213983535766602e-01
7.705390453338623047e-04 -4.080425202846527100e-02
5.398672103881835938e+00 -1.545231580734252930e+00
-1.938194036483764648e-02 -8.528614416718482971e-03
6.620894432067871094e+00 -9.170216321945190430e-01
1.192271709442138672e-02 -5.861371755599975586e-04
6.433785438537597656e+00 1.182807236909866333e-01
5.356490612030029297e-02 -8.173985406756401062e-03
5.137569904327392578e+00 1.362779021263122559e+00
-1.567602157592773438e-04 -1.043618656694889069e-02
6.106590270996093750e+00 5.515637993812561035e-01
-5.836710333824157715e-02 8.445382118225097656e-02
4.754004478454589844e+00 -2.924787759780883789e+00
2.165704965591430664e-02 -1.244870014488697052e-02
6.129325866699218750e+00 -1.044275164604187012e+00
8.689314126968383789e-02 2.288352698087692261e-04
5.180683135986328125e+00 -2.442338503897190094e-02
5.457386374473571777e-02 2.612478099763393402e-02
5.997054576873779297e+00 3.633293211460113525e-01
-1.691550016403198242e-02 1.137956976890563965e-02
5.920113563537597656e+00 -7.831939309835433960e-02
1.069396734237670898e-02 -2.299377694725990295e-02
4.841013908386230469e+00 -1.826930761337280273e+00
2.386167645454406738e-02 -3.318674862384796143e-03
5.858239650726318359e+00 -9.682790189981460571e-02
1.401752233505249023e-03 -6.554191932082176208e-03
7.691649436950683594e+00 6.017682552337646484e-01
-3.063663840293884277e-02 -1.395461149513721466e-02
6.396651268005371094e+00 -6.436336040496826172e-01
1.857697963714599609e-02 -3.989571705460548401e-03
6.903453350067138672e+00 1.520714461803436279e-01
3.464221954345703125e-03 -9.967200458049774170e-04
6.199375152587890625e+00 -1.060963720083236694e-01
2.299591898918151855e-02 2.683469094336032867e-02
5.273765563964843750e+00 1.625984191894531250e+00
5.755975842475891113e-02 3.555867075920104980e-02
5.462451934814453125e+00 1.381467342376708984e+00
4.902645945549011230e-02 -1.639247871935367584e-02
4.224194526672363281e+00 -5.869033336639404297e-01
-1.545965671539306641e-02 -7.880758494138717651e-04
4.363688945770263672e+00 5.299456119537353516e-01
7.751345634460449219e-02 -9.224507957696914673e-03
5.112603187561035156e+00 -1.057753324508666992e+00
2.105280756950378418e-02 5.424460396170616150e-03
5.987899780273437500e+00 2.000349573791027069e-02
4.695922136306762695e-02 3.910446539521217346e-03
5.209387779235839844e+00 6.402636170387268066e-01
-8.747562766075134277e-02 8.882302790880203247e-04
7.869091033935546875e+00 1.683028787374496460e-01
4.217997193336486816e-02 2.661312930285930634e-02
5.702825546264648438e+00 4.981744289398193359e-01
1.117855310440063477e-02 -1.173906028270721436e-02
5.642275810241699219e+00 -1.257281064987182617e+00
2.530097961425781250e-02 6.390213221311569214e-02
5.160696983337402344e+00 1.685549616813659668e+00
1.930490136146545410e-02 -8.824560791254043579e-04
6.816501617431640625e+00 2.056477218866348267e-01
4.184693098068237305e-02 -2.193172462284564972e-02
5.985237121582031250e+00 -1.560634851455688477e+00
3.831997513771057129e-02 -4.689218476414680481e-03
6.237666606903076172e+00 1.970192790031433105e-01
5.214661359786987305e-03 -7.902998477220535278e-03
5.154321670532226562e+00 -1.013414382934570312e+00
3.007650375366210938e-03 -1.728796400129795074e-02
4.311001300811767578e+00 -4.953773021697998047e-01
3.057241439819335938e-02 5.104579031467437744e-05
7.282925605773925781e+00 -2.942064106464385986e-01
3.297612071037292480e-02 2.874722704291343689e-03
5.937515258789062500e+00 4.117163419723510742e-01
1.381218433380126953e-02 3.576874732971191406e-03
5.474954605102539062e+00 4.287022054195404053e-01
3.457695245742797852e-02 -1.132337376475334167e-02
5.069680213928222656e+00 -9.151473641395568848e-01
-3.230780363082885742e-02 -9.338781237602233887e-03
5.910151481628417969e+00 8.875733613967895508e-02
4.325538873672485352e-02 1.269681379199028015e-03
4.802680492401123047e+00 -6.425920873880386353e-03
-7.585585117340087891e-03 -1.752246171236038208e-03
6.751528263092041016e+00 -4.519340395927429199e-02
2.742081880569458008e-02 -2.090688794851303101e-02
5.731657981872558594e+00 -1.076780557632446289e+00
-2.191662788391113281e-03 5.265222862362861633e-03
6.700640201568603516e+00 6.992681026458740234e-01
2.763792872428894043e-02 6.255131959915161133e-02
5.040185451507568359e+00 1.440284967422485352e+00
-5.313932895660400391e-02 5.762437358498573303e-03
7.121073722839355469e+00 -2.264113426208496094e-01
-6.133615970611572266e-03 3.692917525768280029e-03
5.825846195220947266e+00 3.087401986122131348e-01
2.967715263366699219e-03 -1.020965166389942169e-02
5.947415828704833984e+00 -7.703835964202880859e-01
8.515685796737670898e-02 -3.469185903668403625e-03
5.886441230773925781e+00 -1.827406585216522217e-01
-1.268982887268066406e-02 -4.170844331383705139e-03
5.950439453125000000e+00 -1.519753187894821167e-01
9.830057621002197266e-02 -5.303174257278442383e-03
5.370013236999511719e+00 -2.886962890625000000e-01
-1.241892576217651367e-02 -2.058940008282661438e-03
4.959776878356933594e+00 -2.425127662718296051e-02
1.120477914810180664e-02 -1.216049306094646454e-02
5.046633720397949219e+00 -5.225901305675506592e-02
-4.135861992835998535e-02 1.224281266331672668e-02
5.995041847229003906e+00 2.624974250793457031e-01
5.022168159484863281e-02 1.050969585776329041e-03
6.011573791503906250e+00 3.246792852878570557e-01
3.290846943855285645e-02 -3.397772088646888733e-03
6.050747871398925781e+00 -1.630288064479827881e-01
2.069771289825439453e-02 1.048610545694828033e-02
6.628396511077880859e+00 4.679774045944213867e-01
1.432955265045166016e-02 -1.303689554333686829e-02
5.434913635253906250e+00 5.455624461174011230e-01
-4.019737243652343750e-03 2.116439864039421082e-03
6.011701107025146484e+00 -1.073363237082958221e-02
1.567214727401733398e-02 -5.575455725193023682e-03
5.366313934326171875e+00 -1.890447437763214111e-01
5.701631307601928711e-02 5.578314885497093201e-03
5.993548393249511719e+00 1.898908317089080811e-01
2.779707312583923340e-02 -1.476311124861240387e-02
3.289964437484741211e+00 1.421715468168258667e-01
-1.920729875564575195e-02 -2.047801390290260315e-03
6.264128684997558594e+00 -6.604033708572387695e-01
6.151005625724792480e-02 -5.253208801150321960e-03
5.024693012237548828e+00 -1.385197937488555908e-01
-7.975414395332336426e-02 -6.343321874737739563e-03
6.947726249694824219e+00 -5.150824189186096191e-01
9.781569242477416992e-03 -1.338643953204154968e-02
6.314777374267578125e+00 -2.991083860397338867e-01
3.274023532867431641e-02 -5.033332854509353638e-04
6.580602645874023438e+00 -2.756782807409763336e-02
2.951771020889282227e-02 -2.404999919235706329e-02
5.495843887329101562e+00 -1.362177133560180664e+00
-1.350328326225280762e-02 9.290520101785659790e-03
4.643159866333007812e+00 1.726971864700317383e+00
4.002153873443603516e-03 5.048159509897232056e-03
6.788408756256103516e+00 5.273154377937316895e-01
-4.065394401550292969e-02 -6.086779758334159851e-03
6.079830646514892578e+00 5.079060196876525879e-01
-3.245890140533447266e-02 2.657007426023483276e-03
6.731826782226562500e+00 -3.746677637100219727e-01
6.829798221588134766e-03 -3.503840416669845581e-03
6.084322452545166016e+00 4.827828407287597656e-01
6.305053830146789551e-02 -5.135340616106987000e-03
5.982460975646972656e+00 -4.802291393280029297e-01
1.109749078750610352e-02 2.774475142359733582e-03
5.614671230316162109e+00 5.559648275375366211e-01
3.829896450042724609e-03 7.968442514538764954e-03
6.402387142181396484e+00 4.688853397965431213e-02
1.648426055908203125e-02 8.641406893730163574e-02
4.027496814727783203e+00 1.153687477111816406e+00
-2.679497003555297852e-02 6.399108096957206726e-03
6.482765197753906250e+00 6.075363159179687500e-01
1.204133033752441406e-02 -1.017379574477672577e-02
7.648327827453613281e+00 8.689025416970252991e-03
1.137295365333557129e-01 -4.781608283519744873e-02
6.888656139373779297e+00 1.568673253059387207e+00
-3.279566764831542969e-02 -4.098219797015190125e-03
4.908366680145263672e+00 -4.654182121157646179e-03
2.111852169036865234e-02 -1.555060036480426788e-02
5.203995704650878906e+00 -7.489616870880126953e-01
5.500853061676025391e-02 -9.801061823964118958e-03
6.013884544372558594e+00 -1.376367330551147461e+00
1.441687345504760742e-02 -1.228232868015766144e-02
6.562709331512451172e+00 -2.962693870067596436e-01
6.313264369964599609e-02 -2.416418865323066711e-03
3.770858764648437500e+00 5.401595830917358398e-01
-5.112886428833007812e-03 -1.265111379325389862e-02
6.492660045623779297e+00 -3.805411159992218018e-01
-6.048828363418579102e-02 2.642135135829448700e-02
5.483965873718261719e+00 2.251992940902709961e+00
5.902916193008422852e-02 -1.082299277186393738e-03
6.476953506469726562e+00 6.271193921566009521e-02
5.913689732551574707e-02 -1.378447748720645905e-02
4.672101020812988281e+00 -2.043570280075073242e-01
8.189678192138671875e-04 -1.124932430684566498e-02
7.108083724975585938e+00 -2.469994425773620605e-01
-6.969079375267028809e-02 -1.100474037230014801e-02
7.433826446533203125e+00 2.396330833435058594e-01
-4.039555788040161133e-02 5.789829418063163757e-02
6.746449470520019531e+00 -1.102489113807678223e+00
2.507269382476806641e-02 -1.326482743024826050e-02
4.704992294311523438e+00 -6.428402066230773926e-01
2.796486020088195801e-02 -8.290288969874382019e-03
5.897333621978759766e+00 -3.521963357925415039e-01
2.446115016937255859e-02 -5.232943221926689148e-03
6.421980381011962891e+00 7.608341574668884277e-01
-8.001327514648437500e-03 -1.344961114227771759e-02
3.959486722946166992e+00 1.947378396987915039e+00
4.682153463363647461e-02 8.212219923734664917e-02
3.613063812255859375e+00 -1.560766816139221191e+00
-1.441642642021179199e-02 -1.041579991579055786e-02
6.128364562988281250e+00 -7.182118892669677734e-01
3.665775060653686523e-02 4.474765807390213013e-02
5.021864891052246094e+00 1.196486949920654297e+00
1.334741711616516113e-02 -4.317956045269966125e-03
5.638885498046875000e+00 -1.119817718863487244e-01
-2.496242523193359375e-02 1.111804507672786713e-02
7.107226848602294922e+00 9.177030324935913086e-01
2.058699727058410645e-02 6.337907910346984863e-02
4.545891284942626953e+00 1.531736969947814941e+00
5.443751811981201172e-02 -7.154690101742744446e-03
5.646788597106933594e+00 2.809278368949890137e-01
-3.202840685844421387e-02 -1.092192232608795166e-01
6.256787776947021484e+00 2.390822410583496094e+00
6.272226572036743164e-02 -1.188562251627445221e-02
6.236530303955078125e+00 -3.346836268901824951e-01
1.041904091835021973e-02 -9.193904697895050049e-03
5.124229431152343750e+00 1.475250422954559326e-01
2.453371882438659668e-02 -1.194124110043048859e-02
4.673186302185058594e+00 -4.224292933940887451e-03
1.244854927062988281e-01 2.587473951280117035e-02
7.236514091491699219e+00 6.387516856193542480e-01
4.107058048248291016e-02 -7.270490750670433044e-03
4.931382179260253906e+00 8.900146186351776123e-02
4.025548696517944336e-03 -2.232029102742671967e-02
4.848524093627929688e+00 -1.812393218278884888e-01
-2.325952053070068359e-02 -7.066326215863227844e-03
6.316199302673339844e+00 5.245794057846069336e-01
5.170613527297973633e-02 -4.590814933180809021e-03
5.583660125732421875e+00 -9.287080764770507812e-01
3.644049167633056641e-02 3.707529976963996887e-03
5.517730712890625000e+00 3.684930801391601562e-01
1.425832509994506836e-02 -5.412744358181953430e-03
4.502020359039306641e+00 -6.434177160263061523e-01
-1.829251646995544434e-02 -6.720861420035362244e-03
6.793376922607421875e+00 6.142758727073669434e-01
-1.812279224395751953e-02 -2.446087077260017395e-02
7.246239185333251953e+00 -7.125283479690551758e-01
4.361942410469055176e-02 -3.981043398380279541e-02
6.253950595855712891e+00 -1.457071900367736816e+00
-2.562209963798522949e-02 -1.396792009472846985e-02
5.520731925964355469e+00 -8.349660038948059082e-01
3.286987543106079102e-02 -1.687134616076946259e-02
6.174297332763671875e+00 -1.116761088371276855e+00
1.228511333465576172e-02 3.852341324090957642e-03
3.253345012664794922e+00 1.995008885860443115e-01
4.233598709106445312e-02 -1.071303151547908783e-02
5.188527107238769531e+00 -1.040244936943054199e+00
-8.876651525497436523e-02 -2.920245751738548279e-03
7.005248069763183594e+00 8.592351675033569336e-01
1.450747251510620117e-02 1.443438231945037842e-03
5.311731338500976562e+00 3.743319213390350342e-01
2.356216311454772949e-02 -7.868465036153793335e-04
6.787469387054443359e+00 -2.218044996261596680e-01
2.512902021408081055e-02 2.410793676972389221e-03
5.522782325744628906e+00 4.398068487644195557e-01
-3.042399883270263672e-02 -4.016170278191566467e-03
5.453310966491699219e+00 -1.545562408864498138e-02
-8.842945098876953125e-03 -3.561284393072128296e-04
5.511109352111816406e+00 -1.257496595382690430e+00
-3.147229552268981934e-02 -1.338916830718517303e-02
6.963435173034667969e+00 -9.157664179801940918e-01
